xxu

φρει-ι..-

14911191 911 494 99119494 Hand 9911991194, 9941119194 1149-
491194 94 4191 4441 91441 91911144 444194 1944 1114144919 144
’.1191999194 4141949999144191944. 191 1419 14194191 4944941191
191994198191194414414994 S. 225, 22. 231, 27. 233, 1. 939,
94. 949, 49. 949. 944, 4. 949, 99. 999, 99. 999, 99.
949, 99. 949, 49-99, 994, 94. 999, 94. 994, 49. -
119194 119 1941141449 194 V. L. 1991941911 mit den Wun-
194994911911944 4441 1944 8911919194 199 111991949 R. 119 zum
41. 11118 4441119 494491191944944 1914114494 194 V. L. 119 zu
diesem 141449 1411949114 Ρ491.1111914941144 dem 19441941 zur
19919919411919499199449 9914991911 und 9941914449 1194 194
119941141, 1499 119191419119191411944 119494 444444 944911941944
“ m. 4419 919 daun 144 1194111. 91449419111444419, 44941 1108
und 494 1111 49499494444944 44944194Ι 191 Dio 141491914444-
994 194 Wunder 4441194 1441944 8911919919 199 111991949 Β.
4144144119 494119191991119944 999441149419449 194 9911 4449
1444994944 und 1444494944 9191199941944 1144141944 1494494 44441
14944919 191 nicht 94919991944491994. Die 4191 1999491949
11919919 vom wartburgkrieg 191 9194414119 mit 194 V. L. 494
11494 11449419114449 14 11941. R. sehon 4941414911 99449994.
11444 919 44449 dem deutschen (19114119 1944949999449944 191,
11119 4419444919 199491191144941944 94411944. 1119194919191449
194 1911911449 44411 194 11914199194411441114449 19449191 9449944-
salig, 1449911999 von jemanden 9944411494419, 194 jonos
444 91914 14119 9441 91141911 91444441 44914 49491491. so, 444
nur 914 91991999, 9194 9911999419911919941919449441141494, 191491
9914 dem (19119119 49444 11941144914199 (9. Hagen, 11144449-
919994, 2, 86)9 Heinrich 4944 Osterdingen 1419991199 man

4144 lega 4144 1141411499 lant 9449119149 wilrfol, 114. 1499 mn
4141141191 mit ihm 494141499 119 14191914919119149499194449
, 44144441 11999 119419 im 14919111191944 91411 im 1914119194

 

